        RiskCase  alpha  eta      pi_A      pi_B    D_tail_AB       D_p_AB       D_f_AB  Gap_A_at_fB  Gap_A_at_fA  Active_A_minus_Active_B  ActiveSetSymmetricDifference  Active_A  Active_B        KKT_B   GlobalGap_B  InnerRiskGap_B_per_demand  TailLawAtEtaZeroIsValueOnly  f1_A_over_q  f1_B_over_q         P1_A     P1_B    D_tail_P1       D_p_P1  f2_A_over_q  f2_B_over_q     P2_A     P2_B    D_tail_P2       D_p_P2  f3_A_over_q  f3_B_over_q     P3_A     P3_B    D_tail_P3       D_p_P3
Expectation-only   0.80  0.0 24.102212 24.102212 1.600000e+00 0.000000e+00 2.266554e-11 0.000000e+00 7.618500e-13                        0                             0         3         3 3.552714e-15  0.000000e+00               0.000000e+00                         True 2.433060e-02     0.024331 2.433060e-02 0.024331 1.600000e+00 0.000000e+00     0.146591     0.146591 0.146591 0.146591 6.000000e-01 0.000000e+00     0.829078     0.829078 0.829078 0.829078 0.000000e+00 0.000000e+00
       Mean-CVaR   0.80  0.2 26.830758 26.150586 1.600000e+00 3.200000e-01 3.096846e-01 2.106981e-02 3.667692e-13                        0                             0         3         3 3.552714e-15  1.364242e-12               1.421085e-14                        False 9.754001e-03     0.111133 9.754001e-03 0.111133 1.600000e+00 3.200000e-01     0.129559     0.183022 0.129559 0.183022 6.000000e-01 1.200000e-01     0.860687     0.705845 0.860687 0.705845 6.022960e-15 1.193490e-15
       Mean-CVaR   0.80  0.4 29.555119 27.908483 1.405214e+00 5.620855e-01 7.130346e-01 6.303556e-02 1.092358e-12                        0                             0         3         3 3.552714e-15 -4.547474e-13               7.105427e-15                        False 8.899325e-04     0.195871 8.899325e-04 0.195871 1.405214e+00 5.620855e-01     0.113917     0.275454 0.113917 0.275454 7.947862e-01 3.179145e-01     0.885193     0.528676 0.885193 0.528676 1.947862e-01 7.791446e-02
       Mean-CVaR   0.80  0.6 32.243838 29.507587 1.313371e+00 7.880228e-01 1.101691e+00 1.159784e-01 1.561345e-12                       -1                             1         2         3 3.552714e-15  3.954938e-08               4.943637e-10                        False 1.139193e-11     0.266051 1.139193e-11 0.266051 1.313371e+00 7.880228e-01     0.099238     0.384033 0.099238 0.384033 8.866287e-01 5.319772e-01     0.900762     0.349916 0.900762 0.349916 2.866287e-01 1.719772e-01
       Mean-CVaR   0.80  0.8 34.930443 31.039358 1.226502e+00 9.812016e-01 1.185493e+00 1.278326e-01 2.041571e-12                       -1                             1         2         3 3.552714e-15  4.195499e-08               5.244267e-10                        False 1.139193e-11     0.277443 1.139193e-11 0.277443 1.226502e+00 9.812016e-01     0.086353     0.401656 0.086353 0.401656 8.796280e-01 7.037024e-01     0.913647     0.320901 0.913647 0.320901 3.734980e-01 2.987984e-01
       CVaR-only   0.80  1.0 37.619898 32.572828 1.167023e+00 1.167023e+00 1.207998e+00 1.298503e-01 2.480076e-12                       -1                             1         2         3 7.105427e-15  4.435515e-08               5.544329e-10                        False 1.139193e-11     0.277443 1.139193e-11 0.277443 1.167023e+00 1.167023e+00     0.075100     0.401656 0.075100 0.401656 8.662830e-01 8.662830e-01     0.924900     0.320901 0.924900 0.320901 4.329771e-01 4.329771e-01
Expectation-only   0.84  0.0 24.102212 24.102212 1.500000e+00 0.000000e+00 2.266554e-11 0.000000e+00 7.618500e-13                        0                             0         3         3 3.552714e-15  0.000000e+00               0.000000e+00                         True 2.433060e-02     0.024331 2.433060e-02 0.024331 1.500000e+00 0.000000e+00     0.146591     0.146591 0.146591 0.146591 7.500000e-01 0.000000e+00     0.829078     0.829078 0.829078 0.829078 0.000000e+00 0.000000e+00
       Mean-CVaR   0.84  0.2 27.282801 26.482817 1.500000e+00 3.000000e-01 3.763926e-01 2.542723e-02 4.525348e-13                        0                             0         3         3 1.065814e-14 -6.821210e-13               1.421085e-14                        False 1.670399e-02     0.120650 1.670399e-02 0.120650 1.500000e+00 3.000000e-01     0.165102     0.249352 0.165102 0.249352 7.500000e-01 1.500000e-01     0.818194     0.629998 0.818194 0.629998 6.494805e-15 1.276756e-15
       Mean-CVaR   0.84  0.4 30.455306 28.351542 1.411963e+00 5.647853e-01 8.650740e-01 8.301871e-02 4.880640e-13                        0                             0         3         3 3.552714e-15  0.000000e+00               0.000000e+00                        False 1.058728e-02     0.256952 1.058728e-02 0.256952 1.411963e+00 5.647853e-01     0.183786     0.369958 0.183786 0.369958 8.380369e-01 3.352147e-01     0.805627     0.373090 0.805627 0.373090 8.803685e-02 3.521474e-02
       Mean-CVaR   0.84  0.6 33.618959 30.073405 1.245550e+00 7.473298e-01 9.419802e-01 9.249189e-02 1.879487e-13                        0                             0         3         3 7.105427e-15  4.043295e-08               5.054055e-10                        False 5.684405e-03     0.277443 5.684405e-03 0.277443 1.245550e+00 7.473298e-01     0.202425     0.401656 0.202425 0.401656 8.339585e-01 5.003751e-01     0.791891     0.320901 0.791891 0.320901 2.544503e-01 1.526702e-01
       Mean-CVaR   0.84  0.8 36.773737 31.796047 1.146418e+00 9.171344e-01 9.129975e-01 8.747207e-02 9.843153e-14                        0                             0         3         3 3.552714e-15  4.312597e-08               5.390746e-10                        False 1.766261e-03     0.277443 1.766261e-03 0.277443 1.146418e+00 9.171344e-01     0.220834     0.401656 0.220834 0.401656 8.117168e-01 6.493735e-01     0.777399     0.320901 0.777399 0.320901 3.535820e-01 2.828656e-01
       CVaR-only   0.84  1.0 39.908488 33.518689 1.086939e+00 1.086939e+00 8.810623e-01 8.322420e-02 1.332769e-13                       -1                             1         2         3 7.105427e-15  4.581943e-08               5.727401e-10                        False 1.139193e-11     0.277443 1.139193e-11 0.277443 1.086939e+00 1.086939e+00     0.238568     0.401656 0.238568 0.401656 7.983718e-01 7.983718e-01     0.761432     0.320901 0.761432 0.320901 4.130611e-01 4.130611e-01
Expectation-only   0.88  0.0 24.102212 24.102212 1.333333e+00 0.000000e+00 2.266554e-11 0.000000e+00 7.618500e-13                        0                             0         3         3 3.552714e-15  0.000000e+00               0.000000e+00                         True 2.433060e-02     0.024331 2.433060e-02 0.024331 1.333333e+00 0.000000e+00     0.146591     0.146591 0.146591 0.146591 1.000000e+00 0.000000e+00     0.829078     0.829078 0.829078 0.829078 0.000000e+00 0.000000e+00
       Mean-CVaR   0.88  0.2 27.968590 26.951587 1.333333e+00 2.666667e-01 4.877699e-01 3.518835e-02 6.994434e-13                        0                             0         3         3 3.552714e-15 -6.821210e-13               1.065814e-14                        False 3.165562e-02     0.130460 3.165562e-02 0.130460 1.333333e+00 2.666667e-01     0.236030     0.381111 0.236030 0.381111 1.000000e+00 2.000000e-01     0.732314     0.488429 0.732314 0.488429 4.302114e-15 8.743006e-16
       Mean-CVaR   0.88  0.4 31.716235 28.981336 1.310340e+00 5.241359e-01 6.007468e-01 5.975406e-02 9.256907e-13                        0                             0         3         3 3.552714e-15  3.871492e-08               4.839364e-10                        False 3.711107e-02     0.277443 3.711107e-02 0.277443 1.310340e+00 5.241359e-01     0.341615     0.401656 0.341615 0.401656 7.652566e-01 3.061027e-01     0.621274     0.320901 0.621274 0.320901 2.577368e-01 1.030947e-01
       Mean-CVaR   0.88  0.6 35.409136 31.019265 1.112076e+00 6.672458e-01 4.720414e-01 4.025649e-02 1.031383e-12                        0                             0         3         3 3.552714e-15  4.189678e-08               5.237055e-10                        False 4.142226e-02     0.277443 4.142226e-02 0.277443 1.112076e+00 6.672458e-01     0.446153     0.401656 0.446153 0.401656 7.207732e-01 4.324639e-01     0.512425     0.320901 0.512425 0.320901 5.004837e-01 3.002902e-01
       Mean-CVaR   0.88  0.8 39.104985 33.057194 1.012945e+00 8.103557e-01 4.628537e-01 3.854213e-02 1.063994e-12                        0                             0         3         3 0.000000e+00  4.507865e-08               5.634853e-10                        False 4.601608e-02     0.277443 4.601608e-02 0.277443 1.012945e+00 8.103557e-01     0.532738     0.401656 0.532738 0.401656 6.985315e-01 5.588252e-01     0.421246     0.320901 0.421246 0.320901 6.218572e-01 4.974857e-01
       CVaR-only   0.88  1.0 42.822950 35.095123 9.534656e-01 9.534656e-01 4.515326e-01 4.683373e-02 1.051795e-12                        0                             0         3         3 0.000000e+00  4.826097e-08               6.032579e-10                        False 5.167664e-02     0.277443 5.167664e-02 0.277443 9.534656e-01 9.534656e-01     0.597877     0.401656 0.597877 0.401656 6.851865e-01 6.851865e-01     0.350446     0.320901 0.350446 0.320901 6.946812e-01 6.946812e-01
Expectation-only   0.92  0.0 24.102212 24.102212 1.000000e+00 0.000000e+00 2.266554e-11 0.000000e+00 7.618500e-13                        0                             0         3         3 3.552714e-15  0.000000e+00               0.000000e+00                         True 2.433060e-02     0.024331 2.433060e-02 0.024331 1.000000e+00 0.000000e+00     0.146591     0.146591 0.146591 0.146591 1.000000e+00 0.000000e+00     0.829078     0.829078 0.829078 0.829078 0.000000e+00 0.000000e+00
       Mean-CVaR   0.92  0.2 28.633348 27.641021 1.000000e+00 2.000000e-01 4.621250e-01 3.512232e-02 8.901799e-13                        0                             0         3         3 2.410872e-11  3.634750e-08               4.498126e-10                        False 5.250496e-02     0.125171 5.250496e-02 0.125171 1.000000e+00 2.000000e-01     0.301213     0.459609 0.301213 0.459609 1.000000e+00 2.000000e-01     0.646282     0.415220 0.646282 0.415220 1.892657e-10 3.785311e-11
       Mean-CVaR   0.92  0.4 32.868430 30.265822 1.000000e+00 4.000000e-01 3.431783e-01 2.306986e-02 1.309367e-12                        0                             0         3         3 3.552714e-15  4.064486e-08               5.080594e-10                        False 8.384744e-02     0.255437 8.384744e-02 0.255437 1.000000e+00 4.000000e-01     0.473776     0.414059 0.473776 0.414059 5.664175e-01 2.265670e-01     0.442377     0.330505 0.442377 0.330505 4.335825e-01 1.734330e-01
       Mean-CVaR   0.92  0.6 36.983616 32.910987 8.451297e-01 5.070778e-01 3.924419e-01 3.910705e-02 1.747427e-12                        0                             0         3         3 7.105427e-15  4.482672e-08               5.603340e-10                        False 1.189188e-01     0.277443 1.189188e-01 0.277443 8.451297e-01 5.070778e-01     0.597877     0.401656 0.597877 0.401656 4.944025e-01 2.966415e-01     0.283204     0.320901 0.283204 0.320901 6.604677e-01 3.962806e-01
       Mean-CVaR   0.92  0.8 41.015473 35.579489 7.818412e-01 6.254729e-01 5.385866e-01 5.076655e-02 1.755680e-12                        0                             0         3         3 7.105427e-15  4.898493e-08               6.123066e-10                        False 1.558654e-01     0.277443 1.558654e-01 0.277443 7.459980e-01 5.967984e-01     0.670950     0.401656 0.670950 0.401656 4.721608e-01 3.777287e-01     0.173185     0.320901 0.173185 0.320901 7.818412e-01 6.254729e-01
       CVaR-only   0.92  1.0 44.957215 38.247992 8.546652e-01 8.546652e-01 6.222827e-01 6.037869e-02 1.218153e-12                        0                             0         3         3 7.105427e-15  5.314314e-08               6.642864e-10                        False 1.887948e-01     0.277443 1.887948e-01 0.277443 6.865190e-01 6.865190e-01     0.712798     0.401656 0.712798 0.401656 4.588158e-01 4.588158e-01     0.098407     0.320901 0.098407 0.320901 8.546652e-01 8.546652e-01
Expectation-only   0.96  0.0 24.102212 24.102212 1.734723e-15 0.000000e+00 2.266554e-11 0.000000e+00 7.618500e-13                        0                             0         3         3 3.552714e-15  0.000000e+00               0.000000e+00                         True 2.433060e-02     0.024331 2.433060e-02 0.024331 1.734723e-15 0.000000e+00     0.146591     0.146591 0.146591 0.146591 1.734723e-15 0.000000e+00     0.829078     0.829078 0.829078 0.829078 0.000000e+00 0.000000e+00
       Mean-CVaR   0.96  0.2 29.451149 29.451149 2.124349e-10 4.248699e-11 2.110569e-11 0.000000e+00 1.035248e-12                        0                             0         3         3 2.637890e-11  4.041431e-08               4.773852e-10                        False 8.675311e-02     0.086753 8.675311e-02 0.086753 2.124349e-10 4.248699e-11     0.297514     0.297514 0.297514 0.297514 2.124349e-10 4.248699e-11     0.615733     0.615733 0.615733 0.615733 2.124332e-10 4.248665e-11
       Mean-CVaR   0.96  0.4 34.209380 34.209380 1.582745e-10 6.330979e-11 1.593232e-11 0.000000e+00 1.205905e-12                        0                             0         3         3 0.000000e+00  4.626054e-08               5.782539e-10                        False 1.744093e-01     0.174409 1.744093e-01 0.174409 1.582745e-10 6.330979e-11     0.448107     0.448107 0.448107 0.448107 1.582745e-10 6.330979e-11     0.377484     0.377484 0.377484 0.377484 1.582745e-10 6.330979e-11
       Mean-CVaR   0.96  0.6 38.668686 38.668686 9.392847e-11 5.635704e-11 1.680709e-11 1.287314e-12 6.111803e-13                        0                             0         3         3 2.105338e-11  5.731954e-08               6.652598e-10                        False 2.596958e-01     0.259696 2.596958e-01 0.259696 9.392847e-11 5.635704e-11     0.539778     0.539778 0.539778 0.539778 9.392847e-11 5.635704e-11     0.200526     0.200526 0.200526 0.200526 9.392674e-11 5.635601e-11
       Mean-CVaR   0.96  0.8 43.015495 43.015495 7.867423e-11 6.293947e-11 1.700701e-11 0.000000e+00 4.586789e-13                        0                             0         3         3 1.789857e-11  6.026585e-08               7.446772e-10                        False 3.216566e-01     0.321657 3.216566e-01 0.321657 7.867423e-11 6.293947e-11     0.584797     0.584797 0.584797 0.584797 7.867423e-11 6.293947e-11     0.093546     0.093546 0.093546 0.093546 7.867249e-11 6.293809e-11
       CVaR-only   0.96  1.0 47.283708 47.283708 6.945250e-11 6.945250e-11 2.041649e-11 2.403720e-15 3.361602e-13                        0                             0         3         3 1.318057e-11  6.627670e-08               8.212240e-10                        False 3.597582e-01     0.359758 3.597582e-01 0.359758 6.945250e-11 6.945250e-11     0.604161     0.604161 0.604161 0.604161 6.945250e-11 6.945250e-11     0.036081     0.036081 0.036081 0.036081 6.945077e-11 6.945077e-11